camera 10 5 5 0 0 0 0 1 0 
screen 90 1.333333 0.3 2000

model  0 0 0 5 8 5

ambient 0.05375 0.05  0.06625
diffuse 0.18275 0.17  0.22525
specular 0.332741  0.328634  0.346435
shininess 38.4

mesh 194 332
0.352 3.554 0.187 0.4966797569800638 0.5967442735783615 0.43295707543836137
-0.053 3.97 0.049 0.0851172732788426 0.5662701287151228 -0.04917211595451375
-0.213 3.784 0.156 -0.37411804287657063 0.5936355748735334 0.19747460376423304
-0.052 3.57 -0.396 -0.2198126709505984 0.5724593404507249 -0.641106544085339
0.414 3.45 -0.317 0.5875227735665358 0.4970124592231639 -0.45964127353034195
0.079 3.571 0.389 0.07598009253080212 0.5642710057689705 0.7190224304358612
-0.33 3.538 -0.201 -0.6163325057219131 0.608484588325134 -0.4179907630810573
0.603 3.231 0.254 0.7765457999905933 0.3528988303379929 0.2730183338459771
-0.51 3.109 0.495 -0.5908537025662696 0.30942640859982656 0.6269839934480333
0.272 2.913 0.703 0.35804640060268944 0.228737794044606 0.8335144551033248
-0.443 2.993 -0.583 -0.5093966798087677 0.2864717248414849 -0.72108489878346
-0.18 2.925 0.71 -0.24037711406742784 0.24415238816930737 0.8887048937287018
0.087 3.08 -0.644 0.12466334527559837 0.3334139519363223 -0.8929459461436476
0.867 2.332 0.1 0.910173219131147 0.06140297033894049 0.11031948387129312
0.598 3.015 -0.295 0.8320135361005192 0.27369152817337894 -0.3923818125510719
0.354 2.773 -0.629 0.4611650010825697 0.214812653367921 -0.8275407991988185
-0.08 2.459 -0.789 -0.02268313580005973 0.11157204678789812 -0.9638238066995836
0.528 2.281 0.589 0.6900173213624045 0.0866252292258154 0.6805109683527715
0.186 2.262 -0.775 0.3014515542651863 0.054221881576472675 -0.9269013991728905
-0.67 2.237 -0.41 -0.8354287993798746 0.06151771814291142 -0.5266489327538788
-0.766 2.988 -0.045 -0.8658260196776483 0.2756950352250279 -0.11068477733641913
0.682 2.298 -0.473 0.7180180289399497 0.0807918927262861 -0.6187129712762894
0.403 1.642 -0.69 0.49901438122921116 -0.06197750553208078 -0.8386594750850577
-0.8 1.366 -0.201 -0.92739960150456 -0.0909673392545294 -0.1816877462142824
-0.778 2.15 0.259 -0.8954116669935193 0.004360552312336341 0.37623342700819734
-0.435 1.59 -0.733 -0.49712741249415743 -0.05334496887179897 -0.7996637008289519
-0.179 1.839 0.816 -0.19606931047230342 -0.01698854149456961 0.9327846128726524
0.259 2.204 0.755 0.30954626781054695 0.004890180427867869 0.9245366981879317
0.025 0.969 -0.749 0.10302894111560423 -0.10001173336422826 -0.9605593373780278
-0.535 1.948 0.606 -0.6297820815432769 0.021071261160722252 0.7445414924046678
0.7 0.902 -0.319 0.8747726023166891 -0.145226763752541 -0.32013591195946
0.582 1.376 0.564 0.640279385707533 -0.06072582589469284 0.7026454453029257
-0.532 1.139 0.524 -0.7110510467873233 -0.1063507704730398 0.6595740803180802
0.695 0.835 0.155 0.9171236100874083 -0.14752562256190177 0.27351508627620424
0.14 0.884 0.721 0.22713265233499316 -0.13565268897927207 0.9317582547689983
-0.692 1.185 0.257 -0.9181394249593646 -0.10934174931204446 0.3413841121340976
-0.433 -0.021 -0.387 -0.7113765676956291 -0.20566611827743414 -0.5581922999386391
-0.247 0.306 0.59 -0.3298271917534668 -0.177096005044692 0.8728545686507113
0.38 0.232 -0.488 0.494796780280404 -0.17927212595598863 -0.8176503298713758
-0.55 0.156 -0.073 -0.9469005321011222 -0.2176801867818065 -0.20538226998413972
-0.027 -0.425 -0.486 -0.1495846033031922 -0.2164319351633518 -0.8993609942859732
0.397 0.188 0.436 0.6765280765838465 -0.20439639060405398 0.6723292596376581
0.501 -0.151 0.176 0.8633386956336923 -0.22481086912276663 0.33790431148629807
0.131 -0.629 0.391 0.374785285976753 -0.21807508878066137 0.8233309244979733
-0.167 -1.359 -0.129 -0.5970800596817524 -0.23349893439158392 -0.6556339720742909
-0.501 -0.191 0.221 -0.8512298470528986 -0.18187808222114374 0.321949964219285
0.268 -0.852 0.155 0.5290732580038726 -0.20515002647854583 0.7017989637278607
0.438 -0.473 0.041 0.9113996293575468 -0.23921642688445716 0.15813751217122338
-0.012 -1.901 0.043 0.5989989070014076 -0.17327503725038168 0.5960057882247918
-0.019 -2.282 0.029 -0.1846899413642081 -0.16632567033270468 0.3043929005989471
0.068 -1.913 -0.074 0.4322424627516342 -0.20524906636101706 -0.335813262348986
1.009 -3.656 -0.201 0.9423660463772148 -0.22372550393838533 -0.14670834513444422
1.271 -2.518 0.177 0.9574326527043998 -0.1712383446656991 0.13390916024943805
0.988 -3.657 0.259 0.9160393482199902 -0.2316326031481537 0.275595310232283
1.229 -2.54 -0.356 0.9281967919899002 -0.17067071913224055 -0.26980813962802813
0.821 -3.653 -0.601 0.8089636742704579 -0.23122304874673325 -0.5171701539283146
1.017 -3.001 0.576 0.855233976592582 -0.1977907100025267 0.4634681401537836
0.795 -3.658 0.631 0.755232557527879 -0.23276848324782115 0.5943287070776887
0.969 -2.706 -0.785 0.7426339935465639 -0.1814960689166333 -0.6185289582968948
-0.116 -3.675 -1.066 -0.022306995462804124 -0.22867963246579048 -0.9234629238000576
0.477 -2.843 -1.141 0.3551426826422768 -0.184123769192589 -0.887492340065732
0.516 -3.651 -0.899 0.5144911945635398 -0.2356803396644341 -0.7969636931157713
1.413 -1.313 0.014 0.9840776220202633 -0.08573003933053847 0.002491757349298068
1.337 -1.242 -0.541 0.9085634905964315 -0.07089936293055628 -0.3547170324136335
1.289 -1.402 0.626 0.8823763751362393 -0.07331170136028664 0.4155680070700649
-0.408 -3.663 0.943 -0.3754509825699838 -0.24260219755780676 0.8719482107238687
-0.196 -2.883 1.203 -0.16466577381997438 -0.18777885264109603 0.9477871493937479
-0.805 -2.68 0.974 -0.6031623859302326 -0.18022614227926914 0.7472279214136917
0.923 -1.416 -1.111 0.6210853040048535 -0.07830685658360077 -0.7464238135293683
1.02 -1.17 0.975 0.7181118158854917 -0.03696257658760264 0.6833881805707038
0.601 -1.32 1.294 0.43289978629241593 -0.0604682238369135 0.8806465736602315
0.86 -2.398 0.982 0.6469465165173721 -0.15846908766760756 0.7222373761894724
-0.254 -2.894 -1.22 -0.23619245813709636 -0.16755815951157532 -0.9198500064767228
0.249 -1.518 -1.413 0.15763722236649946 -0.07841657835700772 -0.9584829700416075
1.456 -0.508 0.079 0.9424112141032469 0.10290008054323745 0.05758945890837351
1.25 -0.404 -0.764 0.753056090405747 0.19055790604685852 -0.49310159723464225
0.898 -0.441 1.116 0.6135630783185065 0.17599824331083314 0.7071590543279008
1.231 -0.618 0.679 0.8551115450267005 0.043730914867048665 0.49793009990623077
0.336 -2.548 1.231 0.25345039092178434 -0.17222732549008238 0.9351024969532107
1.309 -0.219 -0.357 0.7632033159136781 0.4932674939263837 -0.18076999033203675
1.265 -0.303 0.568 0.7919026891814689 0.3209029038235645 0.39096918865164615
0.008 -1.168 1.45 0.00027154308947816935 -0.05096100009097423 0.9777616072969848
-1.018 -3.649 -0.172 -0.9462783722129413 -0.21319917360098242 -0.1627169686144865
-1.317 -1.806 -0.52 -0.914317447672183 -0.12372306050603844 -0.3078067959898708
-0.793 -3.663 -0.724 -0.660806856238979 -0.20854480603276954 -0.6600242606672918
-0.607 -1.458 1.309 -0.41490008355407587 -0.057994858676791 0.8819469316538292
0.614 -0.499 -1.309 0.41462600690060103 0.10324815656927289 -0.8691216443397792
-0.859 -2.589 -0.945 -0.6621881651735664 -0.14549830057725308 -0.707580050250049
0.636 -0.254 -1.228 0.3427131698469646 0.4910760337018836 -0.7007408713215106
-1.186 -1.11 0.856 -0.7835625412892236 -0.03648993761121927 0.5761010863805268
-0.362 -1.372 -1.365 -0.2574835539696324 -0.058566052491861434 -0.9532961287373164
-0.853 -1.448 -1.148 -0.539568680545181 -0.07538379773573187 -0.8135420330222422
-0.102 -0.415 -1.441 -0.04105004384385446 0.26299673768529036 -0.8865717761805896
0.259 -0.357 1.414 0.15303469558307203 0.25832180366965735 0.8594719885944239
-0.399 -0.444 1.343 -0.26205689445549885 0.13108891807754025 0.9410569107391569
-0.862 -0.426 1.126 -0.5683291583640859 0.24220386002735994 0.7243393924699038
-1.225 -2.743 -0.043 -0.9736761880039093 -0.183854613373606 0.015779144794769856
-1.203 -2.45 0.501 -0.8874384284198061 -0.17229970932566105 0.3742522147865457
-1.437 -1.278 0.164 -0.9624686167109336 -0.06266033801787953 0.15436572945146634
-1.308 -0.594 -0.719 -0.7841057234560077 0.10967864704447827 -0.5186607820069871
-1.248 -0.442 0.659 -0.826868503133705 0.2621567250223625 0.41111932576098686
-0.7 -0.451 -1.248 -0.43368776802462344 0.23067682030330863 -0.8088354828620243
-0.394 -0.231 1.286 -0.23719394546998018 0.5102204930344592 0.7267001196962972
-0.816 -0.312 -1.097 -0.5473519310494082 0.435384602657523 -0.6632075964919814
-0.198 -0.269 -1.295 -0.1742735631391251 0.6289254401209501 -0.7384381796421775
-1.062 -0.285 0.788 -0.6424193576705651 0.5492207441829898 0.4920192428462948
-1.452 -0.475 0.058 -0.9117268751299955 0.22009578160573187 0.015705045481765722
-1.286 -0.251 -0.415 -0.7956896815375637 0.4701240434723158 -0.22905168912976462
-1.265 -0.279 0.327 -0.779443686769774 0.567333405076973 0.21363150061548927
1.89 -1.839 0.644 0.9153156774378243 -0.1763394810081656 0.3019100331497585
1.972 -1.829 -0.098 0.9680784354204168 -0.187839957268649 -0.05186405858700997
2.17 -0.8 -0.129 0.9735046703723147 -0.14503354446595715 -0.06690475934179642
1.838 -1.826 -0.715 0.9213558168630643 -0.17907965135653905 -0.31777492607139807
1.53 -1.826 -1.248 0.7712108303600446 -0.17269698879988216 -0.5991926081519238
2.063 -0.196 -0.928 0.8880625945392984 -0.1056140356180036 -0.4115879824508821
1.531 -0.059 -1.702 0.6501778816678058 -0.08229880165822072 -0.7294735228860745
1.007 -1.822 1.707 0.48256058365835197 -0.17037474568482008 0.8454553062845875
1.498 -1.842 1.275 0.7372593609683404 -0.20246608998796312 0.6276549301959107
1.65 -0.808 1.43 0.7354633386976147 -0.14418853374937166 0.6329521892339619
2.336 1.434 -0.283 0.9608085501987045 0.043530879537822524 -0.11158015177652587
2.202 -0.078 0.622 0.9332029713046369 -0.08306913581923651 0.2823710360131033
1.024 -1.833 -1.705 0.48500003605724545 -0.1777880886466995 -0.8400143470631668
0.568 -0.493 -2.166 0.22789284016094943 -0.12182759098299585 -0.944330143292118
0.349 -1.832 -1.936 0.1841536586256337 -0.19396871787428305 -0.9538889651941358
1.828 0.709 1.418 0.7692687871595333 -0.03519771739073949 0.6076042652601626
2.192 1.464 0.677 0.9361102784105759 0.062260171424517466 0.30470764951538254
0.597 -0.965 2.019 0.3032847837134303 -0.13312784324949956 0.9412857855589281
1.065 -0.275 1.948 0.4924711702371132 -0.10239958432645013 0.8487084907549315
2.205 2.027 0.281 0.8141259430169884 0.3938995840371804 0.08343999128766526
2.022 2.021 -0.957 0.7802464049290316 0.31933534051984563 -0.35058351404220595
1.956 1.295 -1.206 0.8402825822943362 0.027941363784614197 -0.5204071070170684
-0.286 -1.83 -1.97 -0.131673611416724 -0.1638707503798953 -0.9632979493657841
1.513 1.732 -1.695 0.6479018916419927 0.14935785036526214 -0.7213059922326223
0.971 1.103 -2.093 0.41768648953445486 0.01960248344941399 -0.8946961342741826
-0.294 -0.326 -2.198 -0.14027097137408773 -0.09713111660469245 -0.9748298701518918
1.839 1.959 1.327 0.6936683276634509 0.32123962367240794 0.5107706003286305
1.356 0.817 1.852 0.5545519686505388 -0.00039157923826190513 0.8186880967901274
2.002 2.102 0.607 0.5132531344268209 0.8067247740029528 0.19249340227154008
-1.082 -1.845 -1.684 -0.5152113492495322 -0.16976772665758544 -0.8184019878371291
-0.828 -0.753 -1.989 -0.36729250218557447 -0.1174168841208002 -0.9151526613231157
1.398 2.103 -1.628 0.4618817351317867 0.5878841930929369 -0.5415471931043575
1.564 2.065 1.471 0.49671172651218093 0.5728604574943331 0.5824941089423227
-0.3 -1.83 1.958 -0.10874534480348773 -0.1631140423876681 0.9705922287087033
-0.563 -0.043 2.213 -0.29246814244064073 -0.08065564146522865 0.9339333461173611
-1.076 -1.834 1.71 -0.4918880830958067 -0.16299396702654478 0.8301493240454366
0.751 0.676 2.139 0.34005258945697614 -0.04935835606416096 0.9345349478281275
-1.454 -0.654 1.66 -0.630573236340773 -0.10858002497664523 0.7463247305315323
2.069 2.096 -0.562 0.5659888098492812 0.6642910278971984 -0.1145453469220511
0.159 0.157 2.278 0.11350870524458471 -0.08117015759025083 0.9776239161866499
1.211 1.764 1.895 0.518367438879045 0.2791004734006276 0.7799731724976757
-1.596 -0.481 -1.567 -0.7012676111720101 -0.09915850501609635 -0.6757318801776236
0.883 1.971 -2.042 0.3267749641678069 0.29470880349376144 -0.8399092693865805
0.673 1.807 2.176 0.29312142339030917 0.21167350227834553 0.8876293212335078
-1.719 -1.841 -1.021 -0.8299409698930212 -0.16943350411348093 -0.5014686685569366
0.829 2.068 1.949 0.373723141141812 0.48993735374986797 0.7739755844214503
0.14 1.244 -2.319 0.06981640324170903 0.018492532468458403 -0.9759023983347094
-0.071 1.805 2.287 -0.07237696598043074 0.19408675450817492 0.9384333401171304
0.39 2.077 -2.103 0.12590488388735124 0.6070303759093176 -0.7302246247237898
-1.32 0.817 1.872 -0.5738500762706782 -0.015234476081968202 0.8089097599876641
0.028 2.104 2.118 0.007837875999375979 0.5947023146766475 0.7648816733898256
-0.11 1.877 -2.27 -0.09074360322095097 0.2392211287871195 -0.9161774080968896
-0.653 0.863 -2.176 -0.23088973391712725 -0.03167105682118274 -0.9696650046889331
-1.078 1.219 -2.076 -0.4664421728404174 0.025055240589417993 -0.854846065017224
-0.909 1.439 2.112 -0.40301499505338595 0.0817671233345958 0.8941837649873138
-1.897 0.965 1.341 -0.812302875139476 -0.011373291512527497 0.5555222866173395
-0.615 2.063 -2.052 -0.2119371547159518 0.5937189717296734 -0.7218174948136536
-1.696 1.004 -1.52 -0.7395077311018154 0.001167874707223928 -0.6643200646955207
-0.812 2.005 2.037 -0.31149559617103983 0.41652539221842944 0.792842326423521
-1.066 1.962 -1.944 -0.4252638409897099 0.34100978243934205 -0.7785526326911081
-2.107 1.082 -0.954 -0.8874624671115715 0.011635307283826616 -0.42609455811220703
-2.037 -0.517 -0.816 -0.924714448396852 -0.10962028522449134 -0.335633955537271
-2.278 0.948 0.502 -0.9590267559440201 0.01103954685727596 0.19619122967469943
-2.202 -0.486 -0.04 -0.9806076122311062 -0.10377038114653439 -0.022319189443125526
-2.022 -0.869 0.762 -0.9407592588647807 -0.11870707750391266 0.2768051069073647
-1.434 2.072 -1.581 -0.4610880190053708 0.6225426284169232 -0.49395318332755167
-1.703 1.779 -1.476 -0.7105417247516469 0.17764857389537705 -0.65097523019299
-1.028 2.075 1.871 -0.3642016218862943 0.6400806800796783 0.6158123864035813
-1.851 2.083 1.133 -0.598154999576891 0.5042235611075093 0.3721272600231217
-1.573 1.926 1.602 -0.6241207858652927 0.2345896058975525 0.6803607665742814
-2.25 0.708 -0.362 -0.9814333022991816 -0.03714214918467583 -0.15029676844952175
-2.005 1.668 0.984 -0.8821785381951303 0.12727428217125764 0.44387117970879053
-2.017 2.035 -0.897 -0.6460672707975393 0.4869099428394172 -0.29387444702343385
-1.907 2.061 -0.893 -0.22471524515493224 0.9677353017319447 -0.11061021949696354
-2.254 1.694 -0.256 -0.9682571911032728 0.13796248452095264 -0.10193511215712285
-2.152 2.075 -0.064 -0.5820699746330663 0.6326043984664839 -0.04655329563090968
-2.148 2.051 0.474 -0.7981032438721807 0.3312093682112055 0.1788258543794901
0.658 -0.236 1.156 0.3649560322150071 0.5981492270309922 0.6284650255942388
0.481 -3.65 0.908 0.45063357479556004 -0.22374358385131835 0.844570489621817
0.065 -3.656 1.016 0.06156667603413454 -0.24304410482888802 0.9542767018962497
-0.783 -3.659 0.66 -0.7466114285040132 -0.23371682857438789 0.5965444076037949
-2.014 -1.845 -0.162 -0.9632321457756703 -0.15136959924620264 -0.05168290971865113
-1.827 -1.852 0.916 -0.839290533019381 -0.1419847584929078 0.4776961909193811
0.36 -1.838 1.943 0.19062435651274057 -0.1593054781308293 0.9592056435409265
-0.985 -3.656 0.274 -0.9330712278200534 -0.224795818283941 0.2217451421263573
0 1 2
3 2 1
4 1 0
0 2 5
3 6 2
0 7 4
3 1 4
2 8 5
5 9 0
3 10 6
9 5 11
3 12 10
8 11 5
7 13 14
7 14 4
0 9 7
15 12 4
15 4 14
16 10 12
17 7 9
12 15 16
13 7 17
16 15 18
10 19 20
21 15 14
21 18 15
21 14 13
21 22 18
20 23 24
23 20 19
25 19 10
16 25 10
11 26 9
26 27 9
16 18 28
8 24 29
25 16 28
22 21 30
25 23 19
17 31 13
29 24 32
13 33 30
27 26 34
34 31 27
35 32 24
23 25 36
32 26 29
37 34 26
22 38 28
23 36 39
25 28 40
26 32 37
41 31 34
41 33 31
41 42 33
37 43 34
36 25 40
38 40 28
40 44 36
32 45 37
41 43 46
47 42 48
39 36 44
49 39 44
37 45 49
43 37 49
49 46 43
40 50 44
44 50 49
49 50 48
51 52 53
51 54 52
54 51 55
56 57 53
58 54 55
59 60 61
54 62 52
54 63 62
56 52 64
65 66 67
68 58 60
69 70 71
72 73 60
63 74 62
63 68 75
70 69 76
75 74 63
77 64 74
71 70 78
79 74 75
74 79 80
74 80 77
64 77 69
70 81 78
82 83 84
77 76 69
85 67 66
86 75 68
84 83 87
88 79 75
86 68 73
89 67 85
90 72 91
88 75 86
73 92 86
86 92 88
73 90 92
93 81 70
81 93 94
94 85 81
89 85 95
96 97 98
87 83 99
87 99 91
96 98 83
89 95 100
101 90 91
90 101 92
94 95 85
101 91 99
94 102 95
103 104 101
99 103 101
100 95 105
106 98 100
83 106 99
99 106 107
100 108 106
107 106 108
109 110 111
112 111 110
113 114 112
113 115 114
116 117 118
111 119 120
109 120 118
114 119 111
121 115 113
115 121 122
123 122 121
118 120 124
119 125 120
126 116 127
119 128 125
120 125 124
118 124 127
116 118 127
129 119 130
122 123 131
130 119 114
130 115 132
115 122 133
134 122 131
135 124 125
127 124 136
137 135 128
131 138 139
132 140 129
137 141 135
142 143 144
126 127 145
144 143 146
140 147 129
142 148 143
136 135 149
139 138 150
133 151 132
135 141 149
149 152 136
145 136 152
138 153 150
140 132 151
148 145 152
141 154 149
155 151 133
148 152 156
140 151 157
155 122 134
146 143 158
159 152 154
160 151 155
161 134 139
139 162 161
143 163 158
155 134 161
164 146 158
151 160 157
155 161 160
160 165 157
162 160 161
166 162 150
156 167 163
156 159 167
168 160 162
168 165 160
169 166 150
150 170 169
171 172 173
165 168 174
171 173 164
162 166 175
176 177 178
178 164 158
169 175 166
172 179 170
164 178 180
181 174 175
169 170 179
180 171 164
181 175 169
174 181 182
179 172 171
183 169 179
180 178 177
181 184 182
169 183 181
171 180 185
183 184 181
180 177 185
185 177 184
56 53 52
176 167 159
186 102 93
125 128 135
187 78 188
67 189 65
190 191 173
171 183 179
102 94 93
145 127 136
97 89 98
190 170 153
109 111 120
124 135 136
101 104 92
156 163 143
20 24 8
144 146 191
114 111 112
192 116 126
56 71 57
193 96 82
190 172 170
65 188 66
147 137 128
88 92 104
188 78 66
100 98 89
131 139 134
150 162 139
108 100 105
21 13 30
106 83 98
128 119 129
122 155 133
67 89 97
103 99 107
71 64 69
163 178 158
102 105 95
189 97 193
60 73 68
193 97 96
128 129 147
59 72 60
57 71 187
78 187 71
132 115 133
12 3 4
130 114 115
162 175 168
174 168 175
71 56 64
43 41 34
35 24 23
42 47 30
49 48 46
156 152 159
50 40 38
78 81 66
85 66 81
27 31 9
17 9 31
62 74 64
145 148 126
171 185 183
184 183 185
20 6 10
30 38 22
45 39 49
48 50 47
6 20 2
8 2 20
35 45 32
54 58 63
68 63 58
154 152 149
28 18 22
31 33 13
126 148 192
142 192 148
58 61 60
58 55 61
132 129 130
163 167 178
176 178 167
173 172 190
97 189 67
143 148 156
170 150 153
73 72 90
72 87 91
35 23 45
39 45 23
109 118 117
38 30 50
47 50 30
8 29 11
26 11 29
46 48 42
83 82 96
64 52 62
186 93 76
70 76 93
30 33 42
80 76 77
80 186 76
42 41 46
59 84 72
87 72 84
146 164 191
173 191 164

figure