camera 20 10 10 20 10 0 0 1 0
screen 90 2 0.3 200

model 10 14.5 0 20 29 1
#Капли
color 100 100 255
mesh 4 2
5 4 0 0.0 0.0 1.0
6 2 0 0.0 0.0 1.0
5 1 0 0.0 0.0 1.0
4 2 0 0.0 0.0 1.0

0 1 2
0 3 2

color 100 100 255
mesh 4 2
12 5 0 0.0 0.0 1.0
13 3 0 0.0 0.0 1.0
12 2 0 0.0 0.0 1.0
11 3 0 0.0 0.0 1.0

0 1 2
0 3 2

mesh 4 2
18 4 0 0.0 0.0 1.0
19 2 0 0.0 0.0 1.0
18 1 0 0.0 0.0 1.0
17 2 0 0.0 0.0 1.0

0 1 2
0 3 2

mesh 4 2
2 9 0 0.0 0.0 1.0
3 6 0 0.0 0.0 1.0
2 5 0 0.0 0.0 1.0
1 6 0 0.0 0.0 1.0

0 1 2
0 3 2

mesh 4 2
16 9 0 0.0 0.0 1.0
17 6 0 0.0 0.0 1.0
16 5 0 0.0 0.0 1.0
15 6 0 0.0 0.0 1.0

0 1 2
0 3 2

mesh 4 2
4 13 0 0.0 0.0 1.0
5 11 0 0.0 0.0 1.0
4 10 0 0.0 0.0 1.0
3 11 0 0.0 0.0 1.0

0 1 2
0 3 2

mesh 4 2
14 13 0 0.0 0.0 1.0
15 11 0 0.0 0.0 1.0
14 10 0 0.0 0.0 1.0
13 11 0 0.0 0.0 1.0

0 1 2
0 3 2

mesh 4 2
19 12 0 0.0 0.0 1.0
20 10 0 0.0 0.0 1.0
19 9 0 0.0 0.0 1.0
18 10 0 0.0 0.0 1.0

0 1 2
0 3 2

mesh 4 2
3 28 0 0.0 0.0 1.0
4 26 0 0.0 0.0 1.0
3 25 0 0.0 0.0 1.0
2 26 0 0.0 0.0 1.0

0 1 2
0 3 2

mesh 4 2
6 28 0 0.0 0.0 1.0
7 25 0 0.0 0.0 1.0
6 24 0 0.0 0.0 1.0
5 25 0 0.0 0.0 1.0

0 1 2
0 3 2

mesh 4 2
16 27 0 0.0 0.0 1.0
17 25 0 0.0 0.0 1.0
16 24 0 0.0 0.0 1.0
15 25 0 0.0 0.0 1.0

0 1 2
0 3 2

mesh 4 2
19 28 0 0.0 0.0 1.0
20 25 0 0.0 0.0 1.0
19 24 0 0.0 0.0 1.0
18 25 0 0.0 0.0 1.0

0 1 2
0 3 2

color 255 0 0
mesh 10 8
1 16 0 0.0 0.0 1.0
2 19 0 0.0 0.0 1.0
4 22 0 0.0 0.0 1.0
7 24 0 0.0 0.0 1.0
10 25 0 0.0 0.0 1.0
7 23 0 0.0 0.0 1.0
5 19 0 0.0 0.0 1.0
5 18.2 0 0.0 0.0 1.0
4 18 0 0.0 0.0 1.0
2 17 0 0.0 0.0 1.0

0 1 9
1 8 9
1 2 8
6 7 8
2 3 6
5 6 3
3 4 5
6 8 2

color 0 255 0
mesh 6 3
5 18.2 0 0.0 0.0 1.0
5 19 0 0.0 0.0 1.0
7 23 0 0.0 0.0 1.0
10 25 0 0.0 0.0 1.0
10 19 0 0.0 0.0 1.0
9 19 0 0.0 0.0 1.0

0 1 5
1 2 4
2 3 4

color 100 0 100
mesh 6 3
10 19 0 0.0 0.0 1.0
10 25 0 0.0 0.0 1.0
13 23 0 0.0 0.0 1.0
15 19 0 0.0 0.0 1.0
15 18.2 0 0.0 0.0 1.0
11 19 0 0.0 0.0 1.0

5 4 3
0 2 3
0 1 2 

color 100 100 0
mesh 10 8
15 18.2 0 0.0 0.0 1.0
15 19 0 0.0 0.0 1.0
13 23 0 0.0 0.0 1.0
10 25 0 0.0 0.0 1.0
13 24 0 0.0 0.0 1.0
16 22 0 0.0 0.0 1.0
18 19 0 0.0 0.0 1.0
19 16 0 0.0 0.0 1.0
18 17 0 0.0 0.0 1.0
16 18 0 0.0 0.0 1.0

0 1 9
8 7 6
6 8 9
1 6 9
1 5 6
1 2 5
2 4 5
2 3 4

color 0 100 100
mesh 7 5
1 16 0 0.0 0.0 1.0
2 17 0 0.0 0.0 1.0
4 18 0 0.0 0.0 1.0
9 19 0 0.0 0.0 1.0
4 16 0 0.0 0.0 1.0
2 14 0 0.0 0.0 1.0
1 15 0 0.0 0.0 1.0

0 1 5
0 5 6
1 5 4
1 2 4
2 3 4

color 200 50 0
mesh 4 2
2 14 0 0.0 0.0 1.0
4 16 0  0.0 0.0 1.0
9 19 0 0.0 0.0 1.0
8 13.1428 0 0.0 0.0 1.0

0 1 3
1 2 3

color 50 200 0
mesh 3 1
8 13.1428 0  0.0 0.0 1.0
9 19 0  0.0 0.0 1.0
9 13 0 0.0 0.0 1.0

0 1 2

color 0 200 50
mesh 3 1
12 13.1428 0  0.0 0.0 1.0
11 19 0  0.0 0.0 1.0
11 13 0 0.0 0.0 1.0

0 1 2

color 0 50 200
mesh 4 2
18 14 0 0.0 0.0 1.0
16 16 0  0.0 0.0 1.0
11 19 0 0.0 0.0 1.0
12 13.1428 0 0.0 0.0 1.0

0 1 3
1 2 3

color 255 75 120
mesh 7 5
19 16 0 0.0 0.0 1.0
18 17 0 0.0 0.0 1.0
16 18 0 0.0 0.0 1.0
11 19 0 0.0 0.0 1.0
16 16 0 0.0 0.0 1.0
18 14 0 0.0 0.0 1.0
19 15 0 0.0 0.0 1.0

0 1 5
0 5 6
1 5 4
1 2 4
2 3 4

ambient 0 0 0
diffuse 0.01 0.01 0.01
specular 0.5 0.5 0.5
shininess 32
mesh 13 11
9 19 0 0.0 0.0 1.0
11 19 0 0.0 0.0 1.0
11 7 0 0.0 0.0 1.0
10 5 0 0.0 0.0 1.0
7 4 0 0.0 0.0 1.0
5 5 0 0.0 0.0 1.0
4 6 0 0.0 0.0 1.0
4 7 0 0.0 0.0 1.0
5 8 0 0.0 0.0 1.0
6 8 0 0.0 0.0 1.0
7 7 0 0.0 0.0 1.0
8 7 0 0.0 0.0 1.0
9 8 0 0.0 0.0 1.0

0 1 2
0 2 12
12 2 3
11 12 3
11 3 4
10 11 4
10 4 5
9 10 5
9 5 6
8 6 7
8 9 6



pushTransform
rotate 180 0 0 1
scale 2.0
translate 2 18 0
figure
translate 24 0 0
figure
popTransform
pushTransform
rotate -90 0 0 1
scale 4.0
translate 36 4 0
figure
popTransform
pushTransform

rotate 180 0 0 1
scale 2.0
translate 14 0 0
pushTransform
rotate -30 0 0 1
translate 20 20 0
figure
popTransform
pushTransform

rotate -90 0 0 1
translate 20 20 0
figure
popTransform
pushTransform

rotate -150 0 0 1
translate 20 20 0
figure
popTransform
popTransform
pushTransform


color 255 0 0
model 4.25 4.25 0 4.5 8.5 1
mesh 39 31
# голова
0.5 3. 0. #0 левая щека
1. 4.5 0. #1 левое ухо слева снизу
0.5 6. 0. #2 левое ухо слева середина
0.5 7.5 0. #3 левое ухо верх слева
1. 8. 0. #4 левое ухо верх середина слева
1.5 8. 0. #5 левое ухо верх середина справа
2. 7.5 0. #6 левое ухо крайняя правая
1.5 6. 0. #7 левое ухо середина справа
1.5 4.5 0. #8 макушка слева
3. 4.5 0. #9 макушка справа
3. 6. 0. #10 правое ухо середина слева
2.5 7.5 0. #11 правое ухо крайняя левая
3. 8. 0. #12 правое ухо верх середина слева
3.5 8. 0. #13 правое ухо верх середина справа
4. 7.5 0. #14 правое ухо сверху справа
4. 6. 0. #15 правое ухо середина справа
3.5 4.5 0. #16 правое ухо низ справа
4. 3. 0. #17 правая щека
3.5 1.5 0. #18 правая скула
2.5 1. 0. #19 подбородок справа
2. 1. 0. #20 подбородок слева
1. 1.5 0. #21 левая скула
# глаза
# левый глаз
1.5 3.5 0. #22 левый глаз слева верх
1.5 3. 0. #23 левый глаз слева низ
2. 3. 0. #24 левый глаз справа низ
2. 3.5 0. #25 левый глаз справа верх
# правый глаз
2.5 3.5 0. #26 правый глаз слева верх
2.5 3. 0. #27 правый глаз слева низ
3. 3. 0. #28 правый глаз справа низ
3. 3.5 0. #29 правый глаз справа верх
# ушные раковины
# левая ушная раковина
1. 5.5 0. #30 нижняя точка
1. 7. 0. #31 верхняя левая
1.01 7. 0. #32 верхняя правая (дополнительная)
# правая ушная раковина
3.5 5.5 0. #33 нижняя точка
3.5 7. 0. #34 верхняя правая
3.49 7. 0. #35 верхняя левая (дополнительная)
# нос
2. 2.5 0. #36 сверху слева
2.5 2.5 0. #37 сверху справа
2.25 2. 0. #38 низ
# треугольники
0 7 23 # левый большой треугольник от щеки до глаза
1 30 7 # нижняя часть левого уха
1 2 4 # больший треугольник левого уха
2 3 4 # левая верхушка левого уха
4 5 31 # верхушка левого уха
5 31 32 # тонкий треугольник сверху
5 32 7 # с двумя пунктирными ребрами
5 6 7 # правая верхушка левого уха
32 7 30 # середина левого уха
8 9 22 # лоб сверху
9 22 29 # лоб справа
24 25 27 # между глаз левый
25 27 26 # между глаз правый
0 17 36 # большой под глазами
36 37 17 # от носа до правой скулы
0 36 21 # левая щека
36 38 21 # слева от носа
38 20 21 # под носом слева
38 19 20 # самый нижний
38 18 19 # под носом вправа
37 18 38 # справа от носа
37 17 18 # правая щека
17 28 10 # большой треугольник справа
10 33 16 # нижняя часть правого уха
16 13 15 # большой треугольник правого уха
13 14 15 # правая верхушка правого уха
12 13 34 # верхушка правого уха
12 34 35 # тонкий треугольник сверху
12 35 10 # правый треугольник с синим пунктиром
10 11 12 # левая верхушка правого уха
10 35 33 # средняя часть правого уха

popTransform
pushTransform

rotate 180 0 0 1
scale 2.0
translate 14 18 0
figure
translate 24 0 0
figure
popTransform
pushTransform

rotate -90 0 0 1
scale 4.0
translate 4 4 0
figure
popTransform
pushTransform

rotate 180 0 0 1
scale 2.0
translate 14 0 0
pushTransform
rotate -60 0 0 1
translate 20 20 0
figure
popTransform

rotate -120 0 0 1
translate 20 20 0
figure